0 1 3 2
1 3 5 4
2 5 7 6
3 7 9 8
4 9 11 10
5 11 13 12
6 13 15 14
7 15 17 16
8 17 19 18
9 19 21 20
10 21 23 22
11 23 25 24
12 25 27 26
13 27 29 28
14 29 31 30
15 31 33 32
16 33 35 34
17 35 37 36
18 37 39 38
19 39 41 40
20 41 43 42
21 43 45 44
22 45 47 46
23 47 49 48
24 49 51 50
25 51 53 52
26 53 55 54
27 55 57 56
28 57 59 58
29 59 61 60
30 63 1 0
31 61 63 62
32 0 1 2
33 2 3 4
34 4 5 6
35 6 7 8
36 8 9 10
37 10 11 12
38 12 13 14
39 14 15 16
40 16 17 18
41 18 19 20
42 20 21 22
43 22 23 24
44 24 25 26
45 26 27 28
46 28 29 30
47 30 31 32
48 32 33 34
49 34 35 36
50 36 37 38
51 38 39 40
52 40 41 42
53 42 43 44
54 44 45 46
55 46 47 48
56 48 49 50
57 50 51 52
58 52 53 54
59 54 55 56
60 56 57 58
61 58 59 60
62 62 63 0
63 60 61 62
