0 0.000000 -1.000000 -1.000000
1 0.000000 1.000000 -1.000000
2 0.195090 -1.000000 -0.980785
3 0.195090 1.000000 -0.980785
4 0.382683 -1.000000 -0.923880
5 0.382683 1.000000 -0.923880
6 0.555570 -1.000000 -0.831470
7 0.555570 1.000000 -0.831470
8 0.707107 -1.000000 -0.707107
9 0.707107 1.000000 -0.707107
10 0.831470 -1.000000 -0.555570
11 0.831470 1.000000 -0.555570
12 0.923880 -1.000000 -0.382683
13 0.923880 1.000000 -0.382683
14 0.980785 -1.000000 -0.195090
15 0.980785 1.000000 -0.195090
16 1.000000 -1.000000 -0.000000
17 1.000000 1.000000 -0.000000
18 0.980785 -1.000000 0.195090
19 0.980785 1.000000 0.195090
20 0.923880 -1.000000 0.382683
21 0.923880 1.000000 0.382683
22 0.831470 -1.000000 0.555570
23 0.831470 1.000000 0.555570
24 0.707107 -1.000000 0.707107
25 0.707107 1.000000 0.707107
26 0.555570 -1.000000 0.831470
27 0.555570 1.000000 0.831470
28 0.382683 -1.000000 0.923880
29 0.382683 1.000000 0.923880
30 0.195090 -1.000000 0.980785
31 0.195090 1.000000 0.980785
32 -0.000000 -1.000000 1.000000
33 -0.000000 1.000000 1.000000
34 -0.195091 -1.000000 0.980785
35 -0.195091 1.000000 0.980785
36 -0.382684 -1.000000 0.923879
37 -0.382684 1.000000 0.923879
38 -0.555571 -1.000000 0.831469
39 -0.555571 1.000000 0.831469
40 -0.707107 -1.000000 0.707106
41 -0.707107 1.000000 0.707106
42 -0.831470 -1.000000 0.555570
43 -0.831470 1.000000 0.555570
44 -0.923880 -1.000000 0.382683
45 -0.923880 1.000000 0.382683
46 -0.980785 -1.000000 0.195089
47 -0.980785 1.000000 0.195089
48 -1.000000 -1.000000 -0.000001
49 -1.000000 1.000000 -0.000001
50 -0.980785 -1.000000 -0.195091
51 -0.980785 1.000000 -0.195091
52 -0.923879 -1.000000 -0.382684
53 -0.923879 1.000000 -0.382684
54 -0.831469 -1.000000 -0.555571
55 -0.831469 1.000000 -0.555571
56 -0.707106 -1.000000 -0.707108
57 -0.707106 1.000000 -0.707108
58 -0.555569 -1.000000 -0.831470
59 -0.555569 1.000000 -0.831470
60 -0.382682 -1.000000 -0.923880
61 -0.382682 1.000000 -0.923880
62 -0.195089 -1.000000 -0.980786
63 -0.195089 1.000000 -0.980786
